X Y Z
+2.9833e-02 -4.2732e-02 -3.7884e-02
+3.9613e-02 -4.5592e-02 -3.7815e-02
+4.9713e-02 -4.7605e-02 -3.7821e-02
+5.7075e-02 -4.7448e-02 -3.7834e-02
+6.5564e-02 -4.5923e-02 -3.7848e-02
+7.4058e-02 -4.2908e-02 -3.7862e-02
+7.9678e-02 -3.9985e-02 -3.7754e-02
+8.5451e-02 -3.5612e-02 -3.7697e-02
+9.1242e-02 -2.9163e-02 -3.7707e-02
+9.4699e-02 -2.3948e-02 -3.7712e-02
+9.7652e-02 -1.6437e-02 -3.7717e-02
+9.9588e-02 -8.7955e-03 -3.7621e-02
+1.0067e-01 +1.2508e-03 -3.7747e-02
+1.0001e-01 +9.6434e-03 -3.7707e-02
+9.7509e-02 +1.8110e-02 -3.7714e-02
+9.4712e-02 +2.3489e-02 -3.7709e-02
+9.2555e-02 +2.6809e-02 -3.7705e-02
+8.8488e-02 +3.0517e-02 -3.7705e-02 
+8.5550e-02 +3.2219e-02 -3.7693e-02
+8.0712e-02 +3.4272e-02 -3.7685e-02
+7.3737e-02 +3.6850e-02 -3.7739e-02
+6.3462e-02 +3.7464e-02 -3.7913e-02
+5.7212e-02 +3.7632e-02 -3.7902e-02
+5.0136e-02 +3.7304e-02 -3.7890e-02
